V-001823361902_1_T1 33,80,90,128,140,147,197,253,258,314,330,356,416,486,497,524,626,627,644,649,650,692,698,721,768,807,874,893,980
PV-001851475702_1_T2 33,41,80,90,128,140,147,266,289,314,332,356,363,381,605,647,650,658,692,698,707,730,750,792,807,874,892,893
PV-001851475702_1_T1 33,41,74,80,90,106,128,140,147,213,216,243,332,356,363,378,381,463,578,647,650,692,698,707,792,807,874,893,980,999
Z461899204_1_T3 33,37,82,90,121,139,197,235,314,356,360,385,445,464,517,629,650,721,750,758,761,807,849,881,893,918,935,967
Z461899204_1_T2 33,37,94,106,121,139,185,197,217,235,314,356,378,385,464,526,578,629,650,807,831,837,849,863,881,893,918,935,967
Z461899204_1_T1 33,37,121,134,139,197,235,314,322,356,378,385,450,464,468,573,578,610,629,650,807,831,849,881,889,893,918,935,967
Z1171646527_1_T2 11,90,154,182,272,314,329,356,378,381,416,417,456,480,523,540,551,650,656,728,774,807,854,893,903,926,935,942,950,985
Z1171646527_1_T1 6,11,81,90,143,282,314,341,356,381,417,456,480,482,523,650,656,658,807,849,868,875,889,893,926,935,942,950,985
Z33545334_1_T1 33,81,117,121,140,147,179,253,309,314,356,378,476,575,650,726,807,849,855,861,893,925,932,935,970
Z1220091310_1_T1 33,77,85,121,128,234,235,314,345,356,385,406,464,486,504,564,650,726,751,771,807,813,849,893,930,935,967
Z1272839516_1_T1 33,79,90,106,121,140,261,301,314,356,378,400,464,486,504,531,551,553,650,688,738,744,759,849,855,880,922,926,935,980,1019
Z1272839516_2_T1 33,79,90,106,121,140,261,301,314,356,378,400,464,486,504,531,551,553,650,688,738,744,759,849,855,880,922,926,935,980,1019
Z1440429033_1_T1 5,33,81,82,121,126,140,233,294,318,356,378,477,480,490,521,590,642,650,698,739,742,759,797,807,893,926,935,985,1019
Z1340532105_1_T5 10,36,47,65,74,80,90,102,285,288,314,356,360,419,456,482,548,650,651,661,674,684,739,767,779,790,816,926,935,980,1019
Z1340532105_1_T4 47,65,74,80,106,224,265,318,334,356,360,378,398,419,456,472,482,573,578,660,663,674,767,783,790,807,831,922,926,935,1018
Z1340532105_1_T3 47,65,74,80,90,122,314,334,356,360,386,398,419,456,460,472,482,523,578,613,650,663,674,721,736,758,767,790,807,922,926,935,1018
Z1340532105_1_T2 47,65,74,80,97,288,300,314,356,360,378,419,425,456,482,578,589,650,651,674,684,739,756,767,773,790,807,816,926,927,929,935,980,1019
Z1340532105_1_T1 2,47,65,74,80,101,116,216,280,288,314,318,356,360,378,419,456,482,578,608,650,651,674,684,739,767,790,807,816,926,927,935,980,1019
Z1340532105_2_T5 10,36,47,65,74,80,90,102,285,288,314,356,360,419,456,482,548,650,651,661,674,684,739,767,779,790,816,926,935,980,1019
Z1340532105_2_T4 47,65,74,80,106,224,265,318,334,356,360,378,398,419,456,472,482,573,578,660,663,674,767,783,790,807,831,922,926,935,1018
Z1340532105_2_T3 47,65,74,80,90,122,314,334,356,360,386,398,419,456,460,472,482,523,578,613,650,663,674,721,736,758,767,790,807,922,926,935,1018
Z1340532105_2_T2 47,65,74,80,97,288,300,314,356,360,378,419,425,456,482,578,589,650,651,674,684,739,756,767,773,790,807,816,926,927,929,935,980,1019
Z1340532105_2_T1 2,47,65,74,80,101,116,216,280,288,314,318,356,360,378,419,456,482,578,608,650,651,674,684,739,767,790,807,816,926,927,935,980,1019
Z1551790118_1_T1 80,169,207,219,222,280,338,396,456,469,614,640,650,760,807,893,926,935,985,1009,1015
Z1551797225_1_T1 11,80,169,222,280,360,456,470,472,507,566,640,650,656,674,678,739,790,802,807,871,893,926,935,950,952,963,985,1009,1019
Z1551797225_2_T1 11,80,169,222,280,360,456,470,472,507,566,640,650,656,674,678,739,790,802,807,871,893,926,935,950,952,963,985,1009,1019
Z1688110194_1_T2 6,47,65,74,80,90,185,232,314,334,356,360,362,378,402,419,421,456,472,473,482,650,663,674,758,767,790,922,926,935,980
Z1688110194_1_T1 47,65,74,80,116,140,322,334,356,360,378,402,419,421,456,472,482,573,578,628,663,674,764,767,790,807,922,926,935,959
Z1721060351_1_T1 43,67,80,165,169,222,280,284,333,356,378,405,421,428,453,456,489,565,566,640,650,807,849,867,893,918,922,926,935,985,1009
Z1899703424_1_T1 10,33,90,103,121,238,288,301,305,314,327,356,378,427,428,437,511,533,623,650,742,842,849,863,894,911,926,932,935,966,1019
Z1899703424_2_T1 10,33,90,103,121,238,288,301,305,314,327,356,378,427,428,437,511,533,623,650,742,842,849,863,894,911,926,932,935,966,1019
Z1987145535_1_T1 33,81,121,126,205,219,233,275,281,356,378,480,488,511,590,642,650,739,742,759,797,807,849,875,893,897,926,935,985,1019
Z2028727525_1_T1 26,80,222,234,242,280,360,383,417,422,431,456,472,523,640,650,656,674,722,790,807,888,893,899,926,935,950,985,1009,1019
Z2028727525_2_T1 26,80,222,234,242,280,360,383,417,422,431,456,472,523,640,650,656,674,722,790,807,888,893,899,926,935,950,985,1009,1019
Z2164519970_1_T1 33,64,106,121,126,140,233,356,378,464,480,590,606,620,642,650,688,737,738,739,759,797,807,849,855,893,926,935,985,1019
Z2233932565_1_T1 33,43,81,90,121,210,305,314,341,356,378,405,407,428,443,456,489,526,551,617,618,624,650,766,804,842,849,922,926,935,966,1001
Z2433403828_1_T1 33,81,90,121,205,219,275,281,284,305,356,366,378,456,480,488,492,511,650,742,759,807,849,875,893,897,926,935,942,985,996
Z2433403944_1_T1 33,64,90,106,121,140,284,305,356,366,378,456,464,480,492,606,620,650,688,737,738,759,807,849,855,893,926,935,942,985,996
Z2439845114_1_T1 29,32,33,81,121,147,205,211,219,275,281,301,356,378,451,456,480,488,511,650,652,739,742,759,807,808,838,849,875,893,897,926,935,985,1019
Z2439845212_1_T1 29,32,33,64,106,121,140,147,211,301,356,378,451,456,464,480,606,620,650,652,688,737,738,739,759,807,808,838,849,855,893,926,935,985,1019
Z2440591603_1_T1 29,32,33,81,121,147,205,211,219,275,281,301,356,378,451,456,480,488,511,650,652,739,742,759,807,808,838,849,875,893,897,926,935,985,1019
Z2440591664_1_T1 29,32,33,64,106,121,140,147,211,301,356,378,451,456,464,480,606,620,650,652,688,737,738,739,759,807,808,838,849,855,893,926,935,985,1019
Z2478497239_1_T1 33,42,90,128,190,207,239,301,362,469,498,534,552,614,650,695,807,841,849,861,893,926,982,996,1019
Z2478497239_2_T1 33,42,90,128,190,207,239,301,362,469,498,534,552,614,650,695,807,841,849,861,893,926,982,996,1019
Z2499075990_1_T3 32,33,76,80,121,169,222,280,314,356,584,640,650,700,798,807,893,922,926,935,985,987,1009
Z2499075990_1_T2 33,80,115,121,197,222,238,280,356,397,423,441,578,640,650,681,807,827,849,893,935,987,1009
Z2499075990_1_T1 33,80,115,121,222,227,273,280,283,314,356,397,423,578,584,640,650,726,798,807,849,879,893,900,922,926,935,987,1009
Z1688432613_1_T2 6,33,74,90,185,232,276,314,356,362,378,421,453,456,472,473,516,565,573,650,663,758,807,893,922,926,935,980,985,1017
Z1688432613_1_T1 33,116,140,276,322,356,378,421,453,456,472,516,565,573,578,628,650,663,764,807,893,922,926,935,959,985,1017
Z2640966206_1_T2 11,90,154,182,272,314,326,329,356,378,382,416,417,456,480,492,523,540,551,650,656,728,774,807,854,893,903,926,935,949,950,985
Z2640966206_1_T1 6,11,81,90,143,282,314,326,341,356,382,417,456,480,482,492,523,650,656,658,807,849,868,875,889,893,926,935,949,950,985
Z2668747137_1_T1 33,67,80,102,121,165,169,222,280,290,356,359,378,382,409,421,453,456,565,640,650,698,807,831,867,893,922,926,932,935,985,1009
Z2684201535_1_T1 33,43,81,90,121,174,197,284,305,356,366,378,405,428,443,456,480,489,492,650,807,849,893,926,935,942,943,957,985,996,1015
Z2714067509_2_T1 1,33,37,108,189,227,242,268,283,288,307,308,314,356,396,403,430,500,538,650,656,739,750,807,834,893,926,935,941,948,1019
Z2714067509_3_T1 1,33,37,108,189,227,242,268,283,288,307,308,314,356,396,403,430,500,538,650,656,739,750,807,834,893,926,935,941,948,1019
Z2714067522_2_T1 1,33,37,108,189,227,242,268,283,288,307,308,314,356,396,403,430,500,538,650,656,739,750,807,834,893,926,935,941,948,1019
Z2714067522_3_T1 1,33,37,108,189,227,242,268,283,288,307,308,314,356,396,403,430,500,538,650,656,739,750,807,834,893,926,935,941,948,1019
Z2714069052_2_T1 26,37,80,189,222,242,268,280,288,307,308,314,356,403,500,640,650,656,709,739,750,807,893,926,935,941,948,1009,1019
Z2714069052_3_T1 26,37,80,189,222,242,268,280,288,307,308,314,356,403,500,640,650,656,709,739,750,807,893,926,935,941,948,1009,1019
Z2714069052_4_T1 26,37,80,189,222,242,268,280,288,307,308,314,356,403,500,640,650,656,709,739,750,807,893,926,935,941,948,1009,1019
Z2714069121_3_T1 1,33,37,108,189,227,242,268,283,288,307,308,314,356,396,403,430,500,538,650,656,739,750,807,834,893,926,935,941,948,1019
Z2714069121_4_T1 1,33,37,108,189,227,242,268,283,288,307,308,314,356,396,403,430,500,538,650,656,739,750,807,834,893,926,935,941,948,1019
Z2714069121_5_T1 1,33,37,108,189,227,242,268,283,288,307,308,314,356,396,403,430,500,538,650,656,739,750,807,834,893,926,935,941,948,1019
Z2714069121_6_T1 1,33,37,108,189,227,242,268,283,288,307,308,314,356,396,403,430,500,538,650,656,739,750,807,834,893,926,935,941,948,1019
Z2718472584_1_T1 33,128,207,245,319,338,396,456,469,515,516,614,619,650,756,772,807,893,926,935,1015,1017
Z2723149577_1_T1 1,33,73,108,153,201,227,283,314,356,396,430,441,455,481,525,548,585,605,647,650,656,739,807,866,893,899,926,935,941,985,1019
Z2723149581_1_T1 1,33,73,108,153,201,227,283,314,356,396,430,441,455,481,525,548,585,605,647,650,656,739,807,866,893,899,926,935,941,985,1019
Z2723152732_1_T1 1,33,73,108,153,201,227,283,314,356,396,430,441,455,481,525,548,585,605,647,650,656,739,807,866,893,899,926,935,941,985,1019
Z2723152732_2_T1 1,33,73,108,153,201,227,283,314,356,396,430,441,455,481,525,548,585,605,647,650,656,739,807,866,893,899,926,935,941,985,1019
Z2774533643_1_T1 5,10,33,36,41,90,128,200,314,356,398,417,455,509,525,650,695,739,807,841,869,893,926,935,985,1019
Z2776172033_1_T1 33,36,41,102,128,130,152,200,509,594,602,604,650,690,695,708,807,833,841,893,926,935,985
Z2776173805_1_T1 33,36,102,128,130,152,276,429,573,594,602,604,650,690,695,807,833,841,893,926,935,985,1017
Z2801593505_1_T1 32,33,53,86,140,147,221,223,456,531,539,547,565,650,695,754,807,840,841,893,926,935,985
Z2803520208_1_T1 33,36,102,117,128,130,144,152,315,351,497,512,594,602,604,650,669,674,690,695,807,833,841,888,893,926,935,985
Z2827237594_3_T1 1,33,37,108,132,147,189,242,268,283,288,307,308,314,356,403,500,532,592,650,656,739,750,786,807,834,893,926,935,941,948,1019
Z2827237594_4_T1 1,33,37,108,132,147,189,242,268,283,288,307,308,314,356,403,500,532,592,650,656,739,750,786,807,834,893,926,935,941,948,1019
Z2827237594_5_T1 1,33,37,108,132,147,189,242,268,283,288,307,308,314,356,403,500,532,592,650,656,739,750,786,807,834,893,926,935,941,948,1019
Z2827237594_6_T1 1,33,37,108,132,147,189,242,268,283,288,307,308,314,356,403,500,532,592,650,656,739,750,786,807,834,893,926,935,941,948,1019
Z2827237594_8_T1 1,33,37,108,132,147,189,242,268,283,288,307,308,314,356,403,500,532,592,650,656,739,750,786,807,834,893,926,935,941,948,1019
Z2827237605_2_T1 1,33,37,108,132,147,189,242,268,283,288,307,308,314,356,403,500,532,592,650,656,739,750,786,807,834,893,926,935,941,948,1019
Z2827237605_3_T1 1,33,37,108,132,147,189,242,268,283,288,307,308,314,356,403,500,532,592,650,656,739,750,786,807,834,893,926,935,941,948,1019
Z2827237605_4_T1 1,33,37,108,132,147,189,242,268,283,288,307,308,314,356,403,500,532,592,650,656,739,750,786,807,834,893,926,935,941,948,1019
Z2827237626_2_T1 27,37,80,147,189,242,268,288,307,308,314,356,403,446,500,650,656,709,739,750,807,886,893,926,935,941,948,981,1009,1019
Z2827237626_3_T1 27,37,80,147,189,242,268,288,307,308,314,356,403,446,500,650,656,709,739,750,807,886,893,926,935,941,948,981,1009,1019
Z2827237648_2_T1 1,33,37,108,132,147,189,242,268,283,288,307,308,314,356,403,500,532,592,650,656,739,750,786,807,834,893,926,935,941,948,1019
Z2827237648_3_T1 1,33,37,108,132,147,189,242,268,283,288,307,308,314,356,403,500,532,592,650,656,739,750,786,807,834,893,926,935,941,948,1019
Z2827391584_1_T1 1,33,73,108,132,147,153,283,314,356,441,455,481,525,532,548,585,605,647,650,656,739,786,807,866,893,895,899,926,935,941,985,1019
Z2827391584_2_T1 1,33,73,108,132,147,153,283,314,356,441,455,481,525,532,548,585,605,647,650,656,739,786,807,866,893,895,899,926,935,941,985,1019
Z2827391602_1_T1 1,33,73,108,132,147,153,283,314,356,441,455,481,525,532,548,585,605,647,650,656,739,786,807,866,893,895,899,926,935,941,985,1019
Z2827391607_1_T1 1,33,73,108,132,147,153,283,314,356,441,455,481,525,532,548,585,605,647,650,656,739,786,807,866,893,895,899,926,935,941,985,1019
Z2827391627_1_T1 27,37,73,80,147,153,314,356,441,446,455,481,525,585,605,647,650,656,701,739,807,866,893,899,926,935,941,981,985,1009,1019
Z2830895020_1_T1 33,81,90,121,156,181,205,275,281,301,314,356,357,378,400,486,504,510,511,531,551,650,715,759,849,855,880,922,926,935,1019
Z2830895020_2_T1 33,81,90,121,156,181,205,275,281,301,314,356,357,378,400,486,504,510,511,531,551,650,715,759,849,855,880,922,926,935,1019
Z2830895065_1_T1 33,39,43,71,90,121,190,261,301,314,356,378,400,413,486,504,511,531,551,650,663,842,849,855,880,922,926,932,935,980,1019
Z2830895065_2_T1 33,39,43,71,90,121,190,261,301,314,356,378,400,413,486,504,511,531,551,650,663,842,849,855,880,922,926,932,935,980,1019
Z2833193177_1_T1 28,33,71,76,90,121,128,140,345,356,378,406,486,496,590,594,650,759,807,893,923,930,932,935
Z2772660011_1_T1 187,233,301,314,351,356,465,511,520,530,563,590,642,650,656,662,714,739,750,797,807,860,893,926,935,970,985,1019
Z2842159299_1_T1 36,47,65,80,90,200,238,314,356,360,412,419,447,482,513,522,523,551,617,650,656,657,674,790,842,922,926,927,935,985,1012
Z2890212261_1_T1 33,85,121,140,147,221,246,261,309,314,356,385,464,488,564,650,726,771,774,807,849,893,935
Z2909823765_1_T2 11,90,113,176,213,254,264,265,301,314,356,362,370,376,382,417,441,456,492,511,523,650,656,807,893,899,926,935,949,950,985,1019
Z2909823765_1_T1 10,11,106,265,280,356,378,382,417,441,456,492,511,523,544,578,650,656,663,754,807,840,841,883,893,899,926,935,949,950,985,1019
Z2850488336_1_T1 33,36,43,81,102,121,130,132,234,276,338,356,378,405,428,429,443,489,573,602,650,692,707,807,849,873,893,926,935,985,1017
Z1784257316_1_T2 6,74,90,117,185,232,270,314,356,362,378,421,453,456,472,473,522,565,629,650,663,674,758,807,893,915,922,926,935,974,980,985,1007
Z1784257316_1_T1 116,117,140,270,322,356,378,421,453,456,472,522,565,573,578,628,629,650,663,674,764,807,893,915,922,926,935,959,974,985,1007
Z2723152773_1_T1 73,80,153,169,222,280,314,356,441,455,481,525,585,605,640,647,650,656,701,739,807,866,893,899,926,935,941,985,1009,1019
Z2803513176_1_T1 33,36,102,117,128,130,152,270,512,522,594,602,604,629,650,674,690,695,807,833,841,893,915,926,935,974,985
Z2921777997_1_T1 33,36,102,117,128,130,138,152,270,454,456,464,522,602,604,629,642,650,674,690,695,751,807,833,841,893,915,926,935,974,985
Z2921777997_2_T1 33,36,102,117,128,130,138,152,270,454,456,464,522,602,604,629,642,650,674,690,695,751,807,833,841,893,915,926,935,974,985
Z2714134558_1_T2 11,90,113,176,213,254,264,265,301,314,356,362,370,376,382,417,441,456,492,511,523,650,656,807,893,899,926,935,949,950,985,1019
Z2714134558_1_T1 10,11,106,265,280,356,378,382,417,441,456,492,511,523,544,578,650,656,663,754,807,840,841,883,893,899,926,935,949,950,985,1019
Z3204117867_1_T1 33,36,57,81,121,130,132,205,234,275,276,281,356,378,429,511,573,602,650,659,759,807,838,849,893,926,928,935,945,985,1017
PV-001797400307_1_T1 43,53,80,83,105,140,169,222,280,281,356,378,421,453,456,485,565,640,650,807,839,849,867,893,918,922,926,932,935,985,1009
PV-001814064297_1_T1 73,80,153,169,222,280,314,356,441,455,481,525,585,605,640,647,650,656,701,739,807,866,893,899,926,935,941,985,1009,1019
PV-001820521571_1_T1 33,81,121,140,147,205,219,221,275,281,309,356,378,488,511,650,759,807,822,849,875,893,935
PV-001820521665_1_T1 33,39,43,71,121,140,147,183,309,356,378,402,511,650,802,807,842,849,855,893,932,935,970
PV-001820522651_1_T1 33,121,140,147,309,356,378,387,414,428,496,533,587,650,738,807,849,893,932,935,937,946
PV-001820522652_1_T1 33,64,106,121,140,147,309,354,356,378,464,650,688,737,738,759,807,849,855,893,935,970
PV-001820523011_1_T1 33,117,121,140,147,182,309,314,356,378,385,428,493,642,650,807,829,849,855,870,875,893,932,935,970
PV-001822963236_1_T1 27,36,130,196,200,225,260,314,356,421,456,522,523,604,650,656,714,723,807,815,829,893,926,935,976,985
PV-001836860762_1_T1 33,39,43,60,71,121,126,183,233,356,378,402,480,511,590,606,642,650,739,797,807,842,849,855,893,926,932,935,985,1019
PV-001836860873_1_T1 33,121,126,139,233,356,378,387,428,480,496,533,590,642,650,738,739,797,807,849,860,893,926,932,935,937,946,985,1019
PV-001851199423_1_T1 27,36,130,196,200,260,360,472,522,523,576,604,607,650,656,674,739,790,807,893,926,935,968,976,981,985,1019
PV-001864555460_1_T1 1,33,73,108,153,201,227,283,314,356,396,430,441,455,481,525,548,585,605,647,650,656,739,807,866,893,899,926,935,941,985,1019
PV-001864555460_2_T1 1,33,73,108,153,201,227,283,314,356,396,430,441,455,481,525,548,585,605,647,650,656,739,807,866,893,899,926,935,941,985,1019
PV-001864555681_1_T1 1,33,73,108,153,201,227,283,314,356,396,430,441,455,481,525,548,585,605,647,650,656,739,807,866,893,899,926,935,941,985,1019
PV-001864555682_1_T1 1,33,73,108,153,201,227,283,314,356,396,430,441,455,481,525,548,585,605,647,650,656,739,807,866,893,899,926,935,941,985,1019
PV-001916423993_1_T3 30,33,90,112,121,239,314,315,356,360,361,446,504,564,650,674,737,758,790,806,838,849,855,935,974
PV-001916423993_1_T2 12,33,112,121,220,221,314,318,324,356,360,361,378,428,511,564,578,621,650,674,777,790,807,838,849,863,935
PV-001916423993_1_T1 33,112,121,314,356,360,361,378,428,504,511,564,573,578,650,674,777,790,807,813,838,849,935,967,974,1012
PV-001919899563_1_T1 5,10,36,47,65,80,90,246,314,356,360,398,417,419,455,480,482,650,674,739,767,790,926,935,1019
Z2446543235_1_T1 33,80,90,128,197,221,232,362,406,474,483,574,590,650,662,667,675,689,712,718,719,804,807,825,893,926,971,992,1019
Z2446543259_1_T1 33,80,90,128,197,221,232,362,406,474,483,574,590,650,662,667,675,689,712,718,719,804,807,825,893,926,971,992,1019
Z2446543259_2_T1 33,80,90,128,197,221,232,362,406,474,483,574,590,650,662,667,675,689,712,718,719,804,807,825,893,926,971,992,1019
Z2482709756_1_T1 30,33,61,76,80,90,114,128,139,284,305,371,392,406,456,492,763,767,787,795,807,884,926,935,971,996,1009
Z2482709756_2_T1 30,33,61,76,80,90,114,128,139,284,305,371,392,406,456,492,763,767,787,795,807,884,926,935,971,996,1009
Z2926886606_1_T1 80,90,128,147,195,274,284,305,422,470,493,499,523,545,610,649,656,667,744,777,799,816,887,899,919,926,935,950,981,1019
Z2926886606_2_T1 80,90,128,147,195,274,284,305,422,470,493,499,523,545,610,649,656,667,744,777,799,816,887,899,919,926,935,950,981,1019
Z2926887705_1_T1 33,80,90,128,195,274,284,305,406,422,456,470,499,523,545,574,610,649,656,667,718,744,799,899,926,935,950,971,1019
Z2926887705_2_T1 33,80,90,128,195,274,284,305,406,422,456,470,499,523,545,574,610,649,656,667,718,744,799,899,926,935,950,971,1019
Z2997759806_1_T1 80,90,110,128,147,274,454,470,493,545,596,610,656,667,673,777,799,816,887,899,919,926,981,993,1019,1021
Z2997760473_1_T1 80,90,110,128,147,274,454,470,493,545,596,610,656,667,673,777,799,816,887,899,919,926,981,993,1019,1021
Z3099163451_1_T1 33,80,90,128,197,221,232,362,406,474,483,574,590,650,662,667,675,689,712,718,719,804,807,825,893,926,971,992,1019
Z1271939505_1_T1 1,80,83,90,119,128,138,222,233,255,313,343,356,378,428,481,482,534,782,806,807,842,849,911,927,966
Z1574518812_1_T2 1,24,33,74,80,90,117,128,143,222,298,356,378,386,482,486,635,637,650,698,707,804,807,849,875,893,911,944,966,980
Z1574518812_1_T1 1,33,50,74,80,90,117,128,222,298,315,356,378,482,486,613,635,650,692,698,704,804,807,849,855,875,892,893,911,966,980
Z1574522592_1_T2 1,50,80,90,117,128,183,222,298,356,378,482,486,552,635,650,695,726,807,849,855,893,911,945,953,966,980,1008
Z1574522592_1_T1 1,24,74,80,90,117,128,143,159,222,298,356,378,482,485,486,607,609,635,650,678,726,807,842,849,859,893,911,966
Z1662906670_1_T2 33,35,80,90,114,115,128,183,222,354,356,378,392,482,486,552,640,645,650,695,726,748,807,849,855,893,934,945,953,980,1008
Z1662906670_1_T1 33,35,74,80,90,114,115,128,143,159,222,354,356,378,392,485,486,607,609,640,650,678,726,748,807,842,849,859,893,934,999
Z1669662787_1_T1 1,33,80,117,128,222,227,283,389,396,482,573,595,635,650,735,807,893,911,966
Z1669662787_2_T1 1,33,80,117,128,222,227,283,389,396,482,573,595,635,650,735,807,893,911,966
Z1669662826_1_T1 1,41,80,117,128,216,222,464,482,635,640,650,663,807,893,911,966
Z1669666593_1_T2 1,41,74,80,90,117,128,216,222,312,322,325,356,378,482,571,609,635,650,678,726,807,842,849,852,859,892,893,911,966,1008
Z1669666593_1_T1 1,41,69,80,90,117,128,183,216,222,322,325,356,378,482,525,635,650,695,724,726,774,807,823,849,893,911,953,966,980
Z1669668544_1_T1 1,33,41,80,117,128,197,216,222,245,416,451,482,635,650,691,731,807,849,893,911,966,1017
Z1669672734_1_T1 1,71,78,80,90,117,128,178,222,298,356,361,378,391,482,486,511,609,635,650,671,695,807,849,855,893,911,966
Z1669676750_1_T2 1,33,46,74,80,90,96,117,128,222,236,298,356,378,482,486,511,529,609,635,650,692,698,720,807,837,849,893,911,966,967
Z1669676750_1_T1 1,33,46,80,90,92,117,128,222,298,303,356,378,429,482,486,560,613,635,650,695,698,807,849,855,893,911,934,966,967,980
Z1723084933_1_T2 1,68,80,83,90,102,119,128,222,251,255,301,314,322,356,378,399,482,650,658,672,782,788,807,813,826,831,901,908,926,954,995,1019
Z1723084933_1_T1 1,23,68,74,80,83,90,112,119,128,222,255,262,301,356,378,399,404,482,524,578,672,782,788,807,826,831,901,926,954,980,992,1019
Z1723084933_2_T2 1,68,80,83,90,102,119,128,222,251,255,301,314,322,356,378,399,482,650,658,672,782,788,807,813,826,831,901,908,926,954,995,1019
Z1723084933_2_T1 1,23,68,74,80,83,90,112,119,128,222,255,262,301,356,378,399,404,482,524,578,672,782,788,807,826,831,901,926,954,980,992,1019
Z1669659849_1_T2 1,33,47,50,80,90,117,128,222,298,356,378,407,411,482,486,635,650,698,806,807,831,838,849,855,893,911,966,970,988
Z1669659849_1_T1 1,24,33,80,90,117,128,143,222,298,356,378,405,412,428,440,482,486,511,546,635,650,698,721,807,820,838,849,893,911,966
Z1727485540_1_T1 1,4,36,80,117,128,130,138,222,271,310,482,604,606,635,650,684,807,893,911,926,966,990,1004
Z1727781792_1_T2 33,35,59,80,90,114,115,128,143,181,222,354,356,378,392,486,511,579,640,650,713,748,806,807,849,857,893,918,934,973,999
Z1727781792_1_T1 33,35,80,90,114,115,121,128,222,354,356,378,392,428,486,551,625,640,645,650,713,748,807,816,849,855,893,918,931,934
Z1727784392_1_T1 1,33,35,80,114,115,128,222,227,283,354,392,396,573,595,640,645,650,807,865,893,934
Z1727784392_2_T1 1,33,35,80,114,115,128,222,227,283,354,392,396,573,595,640,645,650,807,865,893,934
Z1727793645_1_T1 33,35,71,80,90,114,115,128,178,222,354,356,361,378,391,392,486,511,564,609,640,650,671,695,748,807,849,855,893,934
Z1727796406_1_T1 33,35,41,80,114,115,128,222,274,354,392,464,495,640,650,807,893,934
Z1735439396_1_T1 1,33,80,117,128,147,214,222,287,294,482,635,641,650,695,711,807,836,867,893,911,965,966,985
Z1669673482_1_T2 1,24,59,80,90,117,128,143,181,222,298,356,378,482,486,511,579,635,650,713,806,807,849,857,893,911,918,966,973
Z1669673482_1_T1 1,50,80,90,117,121,128,222,298,356,378,428,482,486,551,625,635,650,713,807,816,849,855,893,911,918,931,966
Z1816895943_1_T1 1,33,41,80,128,170,197,222,227,283,396,398,416,473,551,573,595,597,650,667,690,691,723,807,893
Z1816895961_1_T1 1,33,41,80,128,170,197,222,227,283,396,398,416,473,551,573,595,597,650,667,690,691,723,807,893
Z1817048228_1_T1 1,33,80,117,128,222,227,283,389,396,482,573,595,635,650,735,807,893,911,966
Z1817048336_1_T1 1,33,80,117,128,222,227,283,389,396,482,573,595,635,650,735,807,893,911,966
Z1817187907_1_T1 1,33,35,80,114,115,128,222,227,283,354,392,396,573,595,640,645,650,807,865,893,934
Z1817187961_1_T1 1,33,35,80,114,115,128,222,227,283,354,392,396,573,595,640,645,650,807,865,893,934
Z1817436692_1_T1 13,33,41,74,80,128,147,158,172,197,222,345,406,416,431,473,603,650,691,695,710,768,807,836,893,965
Z1862606645_1_T1 1,5,33,80,114,117,128,134,222,320,392,482,632,635,650,807,884,893,911,931,966
Z1799265029_1_T2 1,34,69,80,90,128,183,222,227,255,356,378,457,463,482,606,695,724,726,793,807,823,849,953,967,980,1004,1014
Z1799265029_1_T1 1,34,74,80,90,128,222,227,255,272,356,378,449,457,463,482,571,606,609,678,726,807,842,849,852,859,892,953,1004,1014
Z1799265029_2_T2 1,34,69,80,90,128,183,222,227,255,356,378,457,463,482,606,695,724,726,793,807,823,849,953,967,980,1004,1014
Z1799265029_2_T1 1,34,74,80,90,128,222,227,255,272,356,378,449,457,463,482,571,606,609,678,726,807,842,849,852,859,892,953,1004,1014
Z1799268797_1_T1 1,34,80,83,90,128,222,227,233,255,343,356,358,378,428,457,463,481,482,534,606,806,807,842,849,927,953,1004,1014
Z1799268797_2_T1 1,34,80,83,90,128,222,227,233,255,343,356,358,378,428,457,463,481,482,534,606,806,807,842,849,927,953,1004,1014
Z1942475390_1_T1 1,33,37,41,80,114,117,128,216,222,238,392,482,559,635,650,777,807,855,884,893,911,966
Z1981813841_1_T2 33,80,90,114,115,128,183,197,222,344,356,371,378,392,473,482,486,502,515,552,650,683,695,726,807,849,855,884,893,945,953,980,1008,1009
Z1981813841_1_T1 33,60,74,80,90,114,115,128,143,159,197,222,344,356,371,378,392,485,486,502,515,607,609,650,678,683,726,807,842,849,859,884,893,1009
Z1981813841_2_T2 33,80,90,114,115,128,183,197,222,344,356,371,378,392,473,482,486,502,515,552,650,683,695,726,807,849,855,884,893,945,953,980,1008,1009
Z1981813841_2_T1 33,60,74,80,90,114,115,128,143,159,197,222,344,356,371,378,392,485,486,502,515,607,609,650,678,683,726,807,842,849,859,884,893,1009
Z2019092241_1_T1 33,71,80,90,114,115,128,178,197,222,265,344,356,361,371,378,391,392,486,502,511,515,609,650,671,683,695,807,849,855,884,893,1009
Z2019092241_2_T1 33,71,80,90,114,115,128,178,197,222,265,344,356,361,371,378,391,392,486,502,511,515,609,650,671,683,695,807,849,855,884,893,1009
Z2019113311_1_T1 1,33,80,114,115,128,197,222,227,283,289,371,392,396,502,515,573,595,650,683,690,807,884,893,1009
Z2019113311_2_T1 1,33,80,114,115,128,197,222,227,283,289,371,392,396,502,515,573,595,650,683,690,807,884,893,1009
Z2019117643_1_T2 33,59,60,80,90,114,115,128,143,181,197,222,344,356,371,378,392,486,502,511,515,579,650,683,713,806,807,849,857,884,893,918,973,1009
Z2019117643_1_T1 33,80,90,114,115,121,128,197,222,344,356,371,378,392,428,473,486,502,515,551,625,650,683,713,807,816,849,855,884,893,918,931,1009
Z2019117643_2_T2 33,59,60,80,90,114,115,128,143,181,197,222,344,356,371,378,392,486,502,511,515,579,650,683,713,806,807,849,857,884,893,918,973,1009