Z2833191794_1_T1 1,8,33,71,76,80,90,121,128,140,197,283,356,378,431,486,496,590,594,650,667,739,759,767,807,823,836,893,923,928,932,935
Z2833237636_1_T1 33,80,101,139,140,147,166,212,356,367,378,384,398,464,507,510,518,588,650,656,698,783,807,849,873,874,881,885,893,907,922,994
Z2833237738_1_T1 33,80,121,123,135,139,140,147,165,166,177,179,212,219,356,378,385,499,511,526,579,588,650,710,807,849,874,881,893,907,912,927,932,935
Z2833449598_1_T1 33,41,80,83,114,119,128,182,195,197,214,219,301,362,416,650,695,744,754,807,823,841,870,893,926,980,1019
Z2834189798_1_T3 33,80,83,90,139,140,166,212,243,281,356,378,478,483,487,507,526,596,650,713,806,807,849,869,874,881,893,907,994,1017
Z2834189798_1_T2 33,80,90,139,166,212,356,378,428,444,487,507,526,619,650,695,713,770,796,807,849,874,881,883,893,913,980,994,1017
Z2834189798_1_T1 33,74,80,83,90,126,139,166,196,212,356,378,428,487,489,507,526,530,609,650,807,849,874,881,893,899,907,943,994,1017
Z2834211159_1_T1 28,33,80,139,183,200,213,214,222,256,325,334,356,378,399,428,473,511,580,597,598,650,656,698,807,817,849,850,881,893,910,927
Z2836364280_1_T2 33,74,80,90,139,166,212,274,314,341,356,378,439,487,507,526,569,580,607,650,656,662,804,807,874,881,893,917,980,994,1017
Z2836364280_1_T1 33,51,80,139,140,150,166,201,212,341,356,378,487,507,526,544,578,580,650,656,807,874,881,893,917,929,980,994,1017
Z2775362578_1_T1 33,41,78,80,117,121,128,184,197,250,294,314,356,371,378,431,579,586,597,602,650,667,692,726,767,807,842,843,849,893,898,932,935
Z2837091856_1_T1 1,33,71,76,80,90,117,121,128,133,140,243,283,309,342,356,378,486,496,590,594,621,650,657,694,699,759,807,829,893,923,932,935,940,994
Z2837091856_2_T1 1,33,71,76,80,90,117,121,128,133,140,243,283,309,342,356,378,486,496,590,594,621,650,657,694,699,759,807,829,893,923,932,935,940,994
Z2838473868_1_T1 33,41,43,80,81,119,121,128,157,167,182,214,271,301,356,378,405,428,443,489,566,650,695,727,744,792,807,823,830,849,870,893,926,935,980,1019
Z2838613078_1_T1 8,33,71,76,80,90,121,128,140,197,215,356,378,486,496,579,590,594,650,667,690,759,767,807,852,887,893,904,923,932,935,981
Z2839764536_1_T1 33,41,80,105,119,121,128,140,157,167,182,214,281,301,356,378,385,481,566,650,660,695,701,744,762,792,807,823,849,870,893,926,932,935,980,1019
Z2841998257_1_T1 33,41,80,119,121,128,167,182,214,301,318,356,368,378,428,449,533,558,650,695,738,744,790,792,807,823,849,870,893,926,932,935,946,980,1019
Z2842251458_1_T1 33,53,71,76,80,90,110,121,128,140,197,294,332,356,378,430,486,496,589,590,594,650,694,730,749,759,767,807,893,901,923,932,935
Z2842251458_2_T1 33,53,71,76,80,90,110,121,128,140,197,294,332,356,378,430,486,496,589,590,594,650,694,730,749,759,767,807,893,901,923,932,935
Z2842967214_1_T1 65,80,135,138,140,147,166,293,301,302,360,381,424,457,523,560,650,656,674,716,790,807,809,874,881,893,907,926,950,973,1019
Z2843757721_1_T1 8,11,33,80,126,128,139,197,253,356,363,378,384,406,428,441,473,486,644,650,656,667,695,788,807,841,849,855,870,881,893,927,935,983,1003
Z2843758643_1_T1 1,33,80,126,128,139,197,212,253,283,345,351,357,360,406,573,650,667,674,695,744,788,790,807,841,849,881,893,927,1003
Z2843758643_2_T1 1,33,80,126,128,139,197,212,253,283,345,351,357,360,406,573,650,667,674,695,744,788,790,807,841,849,881,893,927,1003
Z2843762954_1_T1 6,8,11,33,80,126,128,139,151,197,209,253,336,356,378,406,486,511,579,640,642,650,656,667,695,730,788,807,841,849,869,881,893,927,1003
Z2843932730_1_T1 8,33,40,71,76,80,90,121,128,140,197,342,356,370,378,401,486,496,590,594,621,650,667,694,747,759,767,807,893,923,932,935,940
Z2844299403_1_T1 3,33,62,80,101,128,157,195,197,206,219,224,284,356,378,384,398,403,452,483,511,650,656,667,694,695,725,730,735,807,825,828,841,849,885,893,989,1016
Z2844299403_2_T1 3,33,62,80,101,128,157,195,197,206,219,224,284,356,378,384,398,403,452,483,511,650,656,667,694,695,725,730,735,807,825,828,841,849,885,893,989,1016
Z2844306789_1_T1 33,41,80,101,128,195,197,219,224,299,356,378,384,403,483,511,597,650,656,667,670,695,730,807,825,828,841,849,885,893,980,1005,1016
Z2517215618_1_T1 1,80,128,140,157,170,186,197,255,257,277,301,318,338,342,356,357,378,462,579,584,621,650,694,757,759,773,807,886,893,926,935,959,994,1019
Z2527325862_1_T1 1,2,13,33,75,80,117,121,140,147,241,256,283,356,378,464,486,501,532,686,695,747,759,781,786,841,849,935,1005,1020
Z2527325862_2_T1 1,2,13,33,75,80,117,121,140,147,241,256,283,356,378,464,486,501,532,686,695,747,759,781,786,841,849,935,1005,1020
Z2527326621_1_T2 33,41,80,128,140,197,288,294,327,356,378,394,464,600,612,622,650,676,681,702,737,747,759,781,796,807,849,855,893,935,941,1017
Z2527326621_1_T1 33,41,80,128,140,197,288,294,342,356,378,389,394,461,464,600,612,622,650,681,702,737,747,759,781,807,812,849,855,893,935,941,1022
Z2613939856_1_T1 13,33,80,117,121,131,140,176,180,222,356,378,404,464,486,488,665,688,695,724,747,759,781,807,837,841,849,887,935,1005
Z2613940139_1_T1 13,33,80,117,121,131,140,163,176,180,214,222,294,356,378,464,488,532,653,695,724,747,759,781,807,837,849,892,935,968
Z2613940246_1_T1 1,32,33,34,80,131,140,176,180,188,222,283,327,356,378,464,488,507,695,724,747,759,781,807,837,841,849,898,935,963
Z2613940246_2_T1 1,32,33,34,80,131,140,176,180,188,222,283,327,356,378,464,488,507,695,724,747,759,781,807,837,841,849,898,935,963
Z2763970756_1_T1 35,65,72,80,106,131,140,219,222,356,360,378,419,464,473,482,488,674,724,747,759,781,782,790,807,849,860,887,935,947
Z2763970884_1_T1 33,35,58,65,80,128,131,140,255,294,356,360,378,419,464,482,488,674,702,724,747,759,781,790,793,807,839,849,935,947,1004
Z2763970910_1_T1 33,35,58,65,80,128,131,140,151,250,255,351,356,360,378,419,464,482,488,618,674,724,747,759,781,790,793,849,888,901,933,935,947,1004
Z2844831516_1_T1 33,80,115,116,131,140,147,288,356,378,394,464,488,612,650,661,683,724,747,759,762,781,807,849,869,874,893,918,935,1004
Z2844836345_1_T1 33,72,80,106,131,140,219,222,288,356,378,421,464,473,488,526,612,650,724,747,759,781,782,807,849,860,887,893,935,976,1017
Z2844836392_1_T1 33,58,80,128,131,140,197,245,255,288,356,378,416,421,464,488,526,612,650,675,724,731,747,759,781,807,849,893,935,976,1017
Z2844836617_1_T1 1,33,79,80,131,140,227,283,288,335,356,359,378,381,421,464,488,526,612,650,724,747,759,781,807,849,893,913,935,976,1017
Z2844836617_2_T1 1,33,79,80,131,140,227,283,288,335,356,359,378,381,421,464,488,526,612,650,724,747,759,781,807,849,893,913,935,976,1017
Z2844836620_1_T1 33,72,80,131,140,219,222,288,356,378,421,464,473,488,526,612,650,724,747,759,781,807,849,867,893,935,976,1017
Z2844836679_1_T1 33,72,80,131,140,144,147,219,288,356,378,421,464,488,526,612,650,724,747,759,781,803,807,816,849,893,935,976,981,1017
Z2844836819_1_T1 33,72,80,131,140,147,219,288,356,378,421,464,488,493,526,612,650,724,747,759,781,807,816,849,860,887,893,935,976,981,985,1017
Z2844972662_1_T1 33,58,80,128,131,139,140,214,255,285,288,349,356,378,406,464,488,612,629,650,724,747,759,781,790,807,849,881,893,933,935,971,998
Z2844988404_1_T1 33,41,80,118,128,131,140,214,288,294,345,356,378,406,464,488,567,612,650,695,724,745,747,749,759,781,807,849,892,893,935,941,968,989
Z2844988672_1_T2 33,41,80,128,140,288,294,345,356,378,394,406,464,520,612,650,669,737,747,759,772,781,807,849,855,893,897,898,935,941,989
Z2844988672_1_T1 33,41,80,128,140,247,288,300,345,356,378,389,394,406,464,612,650,694,737,742,747,759,781,807,840,844,849,855,893,935,941,989
Z2846415341_1_T1 1,13,33,66,72,80,109,118,140,144,147,219,249,283,356,360,378,464,488,581,693,695,724,759,803,816,841,849,934,935,981,1005
Z2846415341_2_T1 1,13,33,66,72,80,109,118,140,144,147,219,249,283,356,360,378,464,488,581,693,695,724,759,803,816,841,849,934,935,981,1005
Z2846415556_1_T1 1,13,33,66,80,109,118,140,176,180,222,249,283,356,360,378,464,488,581,693,695,724,759,807,837,841,849,934,935,1005
Z2846415556_2_T1 1,13,33,66,80,109,118,140,176,180,222,249,283,356,360,378,464,488,581,693,695,724,759,807,837,841,849,934,935,1005
Z2846420906_1_T1 1,32,33,34,72,80,131,140,144,147,188,219,283,327,356,378,464,488,507,695,724,747,759,781,803,816,841,849,898,935,963,981
Z2846420906_2_T1 1,32,33,34,72,80,131,140,144,147,188,219,283,327,356,378,464,488,507,695,724,747,759,781,803,816,841,849,898,935,963,981
Z2846421066_1_T1 1,32,33,34,72,80,131,140,188,219,222,283,327,356,378,464,473,488,507,695,724,747,759,781,807,841,849,867,898,935,963
Z2846421066_2_T1 1,32,33,34,72,80,131,140,188,219,222,283,327,356,378,464,473,488,507,695,724,747,759,781,807,841,849,867,898,935,963
Z2846960251_1_T1 1,13,33,34,62,79,80,118,131,140,227,294,323,338,356,378,381,464,488,695,724,747,759,781,792,807,841,849,935,985,1005,1014
Z2846960252_1_T1 1,13,33,34,62,79,80,118,131,140,227,294,323,338,356,378,381,464,488,695,724,747,759,781,792,807,841,849,935,985,1005,1014
Z2846960267_1_T1 8,13,33,34,62,80,128,140,197,294,338,356,378,394,464,473,486,642,650,657,667,695,737,747,759,766,781,807,841,849,855,893,935,1005
Z2846960441_1_T1 1,13,33,34,62,79,80,118,131,140,147,197,294,315,338,356,378,381,464,488,594,695,724,747,759,781,786,841,849,935,1005,1016
Z2846960441_2_T1 1,13,33,34,62,79,80,118,131,140,147,197,294,315,338,356,378,381,464,488,594,695,724,747,759,781,786,841,849,935,1005,1016
Z2846960506_1_T1 13,33,34,62,80,118,131,140,147,294,338,356,378,464,488,632,695,710,724,734,745,747,749,759,781,816,849,935,968,981
Z2846960661_1_T1 13,33,34,45,62,80,118,131,140,222,294,338,345,356,378,464,473,488,632,695,724,745,747,749,759,781,807,849,935,968
Z2846960686_1_T1 33,34,58,62,65,80,128,131,140,255,294,338,356,360,378,382,464,488,674,724,747,759,781,790,793,841,849,933,935,1004
Z2849952497_1_T1 7,28,33,39,77,80,95,139,222,285,356,370,378,428,473,511,516,565,650,694,807,849,881,927,963,1004,1009
Z1954145999_1_T2 33,80,128,139,147,152,214,259,294,438,629,650,695,698,723,734,807,836,861,880,881,893,933,980
Z1954145999_1_T1 33,80,99,139,147,204,214,238,294,389,427,431,438,629,650,693,695,698,725,807,831,881,893,933,980,986
Z2187845788_1_T1 13,33,41,75,80,106,121,128,140,212,356,358,378,464,486,540,560,564,637,650,688,695,738,759,792,807,841,849,893,935,1002,1005
Z2187858892_1_T1 23,33,41,75,80,106,121,128,140,167,212,342,356,378,409,464,564,621,637,650,688,694,695,738,759,792,807,849,859,893,931,935,940,968,980
Z2187860640_1_T1 33,41,75,80,106,121,128,140,167,212,214,294,356,378,464,564,637,650,688,695,738,759,792,807,849,859,886,892,893,935,968,980
Z2613554781_1_T1 80,117,121,140,147,185,309,354,356,378,394,413,448,464,550,650,665,674,737,747,759,781,807,849,855,887,893,915,935,939,970,974
Z2613555521_1_T1 11,33,80,116,117,121,140,147,158,309,354,356,378,394,444,464,517,650,737,747,759,781,807,849,855,893,918,935,970
Z2613555682_1_T1 80,117,121,140,147,215,309,354,356,378,394,464,579,632,650,665,737,747,759,781,807,849,855,887,893,904,935,970,981
Z2850967045_1_T1 1,33,43,80,81,121,193,227,283,314,356,378,431,441,548,650,669,739,749,771,772,801,807,849,888,925,932,935,1020
Z2850967045_2_T1 1,33,43,80,81,121,193,227,283,314,356,378,431,441,548,650,669,739,749,771,772,801,807,849,888,925,932,935,1020
Z2850988701_1_T1 1,33,80,81,103,121,222,227,283,314,356,378,428,548,570,608,650,656,669,739,749,807,849,863,888,894,932,935,947,966
Z2850988701_2_T1 1,33,80,81,103,121,222,227,283,314,356,378,428,548,570,608,650,656,669,739,749,807,849,863,888,894,932,935,947,966
Z2851057313_1_T2 65,80,90,116,136,140,158,219,257,280,333,354,356,359,360,378,463,468,548,674,755,790,883,897,922,953,980
Z2851057313_1_T1 65,73,74,80,83,90,116,136,140,158,186,219,280,293,356,360,363,378,415,468,548,674,755,765,790,922,952,953
Z2851263556_1_T2 41,53,80,128,158,197,288,314,342,356,441,569,588,591,608,609,621,622,650,656,660,694,728,765,798,807,822,893,926,927,935,940
Z2851263556_1_T1 41,53,58,64,80,128,152,158,180,197,209,288,314,342,356,360,384,578,621,622,650,656,694,765,790,793,796,802,807,849,893,927,935,940
Z2851520057_1_T1 33,47,77,80,139,140,147,215,259,309,345,356,378,428,455,458,490,587,639,650,704,747,807,820,842,849,881,893,904,927,981
Z2851520062_1_T1 33,77,80,120,139,140,147,164,215,217,309,356,378,401,428,458,489,650,674,747,786,807,849,855,875,881,893,894,904,927,935,970,981
Z2851877294_1_T1 1,13,33,80,81,117,118,121,128,192,205,219,275,281,283,318,356,378,486,488,511,650,657,695,759,807,811,841,849,875,893,935,957,994,1005
Z2851877573_1_T1 1,13,33,39,43,50,71,80,117,118,121,128,172,183,283,356,378,402,486,511,650,657,695,807,811,841,842,849,855,893,932,935,957,994,1005
Z2851878457_1_T1 1,13,33,50,64,80,106,117,118,121,128,140,283,356,378,464,486,642,650,657,688,695,737,738,759,807,811,841,849,855,893,935,957,994,1005
Z2852482696_1_T1 13,33,65,80,121,128,147,245,274,298,314,338,356,441,456,550,608,646,650,656,664,692,695,719,768,778,807,836,893,926,935,950,1017
Z2852539643_1_T1 1,16,33,43,80,81,115,121,158,227,283,314,328,356,378,385,545,548,650,669,739,749,771,807,849,872,888,910,932,935
Z2852539643_2_T1 1,16,33,43,80,81,115,121,158,227,283,314,328,356,378,385,545,548,650,669,739,749,771,807,849,872,888,910,932,935
Z2852588328_1_T3 13,33,68,80,90,133,139,140,214,219,251,356,364,378,438,524,574,611,622,629,650,655,695,724,807,849,855,881,893,922,933,968,980
Z2852588328_1_T2 13,33,74,80,90,134,139,214,215,219,251,281,356,378,438,511,574,622,629,650,695,781,807,849,881,889,892,893,922,933,954,968,969,980
Z2852588328_1_T1 13,33,64,80,90,139,214,219,251,356,378,438,463,495,511,553,574,609,618,622,629,650,655,695,724,807,849,881,893,933,968,980
Z2852698980_1_T1 22,33,51,77,80,140,147,214,237,288,294,356,378,410,428,470,481,546,650,661,669,695,726,747,807,849,874,893,932,935,1004
Z2852728101_1_T1 33,80,131,140,147,285,311,322,356,378,428,494,511,512,546,650,688,695,718,726,807,825,841,849,863,874,893,980,983,997
Z2853183281_1_T1 1,13,33,43,80,81,117,118,121,128,283,356,378,405,428,443,486,489,650,657,695,731,738,807,811,841,849,893,935,943,957,994,1005,1015
Z2853701223_1_T1 33,80,92,139,147,156,212,214,356,378,399,419,507,518,650,656,657,698,816,824,858,870,873,881,922,927,981
Z2215004074_1_T1 1,33,80,84,125,139,147,214,227,312,342,376,438,621,629,650,694,695,750,793,807,881,893,933,959,980
Z2215004074_2_T1 1,33,80,84,125,139,147,214,227,312,342,376,438,621,629,650,694,695,750,793,807,881,893,933,959,980
Z2440412232_1_T1 33,64,70,80,88,139,147,197,334,356,378,428,448,493,496,628,650,663,714,807,816,842,849,881,887,893,927,981
Z2826698624_1_T1 33,64,70,80,88,147,197,294,356,378,419,428,448,496,580,586,650,807,816,842,849,851,881,893,927,932,978,981,1008
Z2859729024_1_T1 1,13,31,33,35,41,77,80,139,147,252,460,486,650,680,695,739,786,807,825,835,841,881,893,1003,1005
Z2859729024_2_T1 1,13,31,33,35,41,77,80,139,147,252,460,486,650,680,695,739,786,807,825,835,841,881,893,1003,1005
Z2859984353_1_T1 33,34,51,77,80,139,147,197,200,294,334,338,356,374,378,419,650,657,663,676,678,726,747,807,816,849,855,881,893,905,927,932,935,981
Z2860128911_1_T1 1,33,65,80,137,139,147,152,283,294,327,335,360,399,460,512,514,650,674,695,728,790,804,806,807,824,841,881,885,893,962,981
Z2860128911_2_T1 1,33,65,80,137,139,147,152,283,294,327,335,360,399,460,512,514,650,674,695,728,790,804,806,807,824,841,881,885,893,962,981
Z2861099896_1_T1 33,73,77,80,105,139,140,147,166,227,294,308,356,378,428,481,623,650,680,726,729,775,787,807,831,842,849,874,881,883,893,894,907
Z2861610626_1_T1 1,33,69,80,89,119,140,147,182,188,214,245,283,295,301,362,506,650,695,744,794,807,823,893,926,953,980,1019
Z2861610626_2_T1 1,33,69,80,89,119,140,147,182,188,214,245,283,295,301,362,506,650,695,744,794,807,823,893,926,953,980,1019
Z2861610715_1_T1 80,119,140,147,182,214,264,295,301,362,412,650,688,695,744,807,823,874,893,926,972,980,1019
Z2861617847_1_T1 10,80,90,102,112,119,149,182,214,295,301,305,314,327,330,356,362,437,549,650,695,697,744,807,823,842,869,893,926,980,1019
Z2861617847_2_T1 10,80,90,102,112,119,149,182,214,295,301,305,314,327,330,356,362,437,549,650,695,697,744,807,823,842,869,893,926,980,1019
Z2861894513_1_T1 13,33,80,114,128,147,195,197,219,260,362,416,458,486,650,695,734,754,807,841,893,996,1005
Z2861911158_1_T1 10,19,33,80,90,147,264,301,305,314,327,356,362,405,437,482,526,587,650,695,755,769,807,842,848,862,893,926,980,1004,1017,1019
Z2861911158_2_T1 10,19,33,80,90,147,264,301,305,314,327,356,362,405,437,482,526,587,650,695,755,769,807,842,848,862,893,926,980,1004,1017,1019
Z2862590521_1_T1 1,26,33,54,80,128,147,158,350,358,409,424,452,596,602,606,650,692,695,807,819,841,893,904,932
Z2862623916_1_T1 13,33,42,49,80,128,147,178,209,222,268,345,412,473,534,650,687,695,764,807,841,893,926,1019
Z2862650782_1_T1 80,116,140,147,164,264,362,412,548,550,592,599,650,674,688,695,807,814,874,893,897,915,935,953,974,980
Z2864027728_1_T2 33,80,92,110,156,214,222,233,241,326,339,356,378,399,427,458,473,518,650,656,657,698,760,807,840,870,873,924
Z2864027728_1_T1 33,66,70,80,92,113,214,222,274,356,378,399,427,448,458,473,518,569,643,656,694,698,702,737,807,870,924,987
Z2864027728_2_T2 33,80,92,110,156,214,222,233,241,326,339,356,378,399,427,458,473,518,650,656,657,698,760,807,840,870,873,924
Z2864027728_2_T1 33,66,70,80,92,113,214,222,274,356,378,399,427,448,458,473,518,569,643,656,694,698,702,737,807,870,924,987
Z2837635506_1_T1 8,33,71,76,80,90,121,128,140,197,250,356,378,413,448,486,496,550,590,594,650,667,674,759,767,807,852,887,893,915,923,932,935,939,974
Z2842423351_1_T1 33,71,76,80,90,121,128,140,197,294,342,344,356,378,387,416,486,496,524,590,594,650,724,759,767,807,858,893,898,923,932,935,1022
Z2870605920_1_T1 33,41,71,80,86,90,121,128,140,209,215,318,356,358,378,398,528,540,558,579,590,650,694,759,792,807,887,893,904,932,935,981
Z2870608025_1_T1 33,41,71,80,86,90,121,128,140,318,356,358,378,398,413,448,528,537,540,550,558,590,650,674,694,759,792,807,887,893,915,932,935,939,974
Z2873856943_1_T1 33,41,80,119,128,146,182,214,240,301,307,350,409,452,650,673,692,695,744,807,823,870,893,926,980,1019
Z2874652107_1_T2 33,54,73,74,80,90,125,139,140,186,209,214,215,293,356,378,509,540,579,607,619,650,773,807,881,887,893,897,904,922,981,1013
Z2874652107_1_T1 33,54,80,90,139,140,209,214,215,257,258,285,356,378,540,553,579,619,650,701,706,807,881,887,893,897,904,922,980,981
Z2874653432_1_T2 33,54,73,74,80,90,125,139,140,186,214,293,356,378,413,448,509,537,540,550,607,619,650,674,773,807,881,887,893,897,915,922,939,974,1013
Z2874653432_1_T1 33,54,80,90,139,140,214,257,258,285,356,378,413,448,537,540,550,553,619,650,674,701,706,807,881,887,893,897,915,922,939,974,980
Z1230101296_1_T1 8,13,33,64,70,80,128,197,356,378,428,448,486,496,650,657,667,689,695,766,767,807,841,842,849,893,1005
Z1517176144_1_T1 28,33,64,70,80,88,197,222,294,356,378,428,448,473,496,586,650,807,842,849,851,881,893,922,927,932,978,1008
Z1998352695_1_T1 27,33,64,70,80,88,106,139,197,222,334,356,378,428,448,473,496,628,650,663,714,807,842,849,881,887,893,927
Z2667938604_1_T1 13,33,80,117,121,128,140,153,241,345,356,378,394,406,464,486,532,642,650,695,737,747,759,781,807,841,849,855,893,930,935,1005
Z2796041752_1_T2 4,59,73,74,80,83,90,140,186,219,293,356,363,369,378,415,456,526,540,650,717,733,760,807,887,893,922,926,935,952,985,996,1009
Z2796041752_1_T1 4,59,80,90,140,219,257,333,354,356,359,369,378,456,526,540,573,650,717,760,807,883,887,893,897,922,926,935,980,985,996,1009
Z2841853817_1_T1 33,41,75,80,106,119,121,128,140,167,182,212,214,301,356,378,464,564,637,650,688,695,738,744,759,792,807,823,849,870,893,926,935,980,1019
Z2851878558_1_T1 1,13,33,80,117,118,121,128,185,283,356,378,387,428,486,496,533,650,657,695,699,738,807,811,841,849,893,932,935,937,946,957,994,1005
Z2875931275_1_T1 5,11,15,33,80,92,139,140,147,166,209,212,356,378,428,507,515,588,641,650,656,698,759,807,848,849,874,881,887,893,907,994
Z2875969592_1_T1 0,1,13,15,33,41,43,80,97,117,118,128,283,288,378,412,489,548,579,650,651,677,695,747,807,811,841,849,893,932,935,941,957,994,1005
Z2877170962_1_T1 11,33,35,80,128,139,143,214,237,255,351,356,378,384,416,428,450,462,644,650,656,695,724,772,793,807,835,841,849,881,893,935,972,983,1003,1004
Z2877171513_1_T1 11,33,35,80,128,139,143,178,211,214,255,330,356,378,416,450,518,645,650,656,695,724,726,772,787,793,807,835,841,849,881,885,893,972,1003,1004
Z2877625047_1_T1 33,42,49,80,128,147,178,209,214,268,287,294,534,650,681,689,695,807,836,841,893,926,979,985,994,1019
Z256792092_1_T1 33,41,80,128,130,203,214,294,301,314,356,385,387,440,441,535,650,656,695,807,809,859,886,892,893,894,926,941,950,968,976,980,1019
Z2877164349_1_T1 1,26,33,41,54,80,128,147,197,219,299,358,481,606,628,650,670,695,807,819,841,893,904,932,980,1005
Z1095213354_1_T1 0,43,80,121,140,147,378,489,540,545,548,579,650,651,665,677,747,807,849,874,887,893,901,932,935,1021
Z1715219474_1_T1 29,33,41,80,83,114,128,192,195,197,236,362,416,523,611,650,656,681,695,754,807,841,893,899,926,1004,1019
Z2833251659_1_T1 8,33,71,76,80,90,121,128,140,197,294,356,378,486,496,590,591,594,650,667,759,767,794,807,852,887,893,895,923,932,935
Z2890212192_1_T1 33,43,80,121,139,140,147,158,221,309,356,366,378,464,488,597,650,652,656,693,726,807,818,842,849,881,890,893,927,935,976
Z2890473520_1_T1 0,31,33,43,80,128,147,157,214,287,294,332,378,408,421,479,489,532,548,579,650,651,677,694,695,747,807,836,849,888,889,893,894,932,935,985
Z2890473520_2_T1 0,31,33,43,80,128,147,157,214,287,294,332,378,408,421,479,489,532,548,579,650,651,677,694,695,747,807,836,849,888,889,893,894,932,935,985
Z2890626270_1_T1 0,31,33,43,80,128,147,157,332,378,421,479,489,532,548,579,650,651,677,694,695,747,767,807,841,849,873,888,889,893,894,932,935,957
Z2890626270_2_T1 0,31,33,43,80,128,147,157,332,378,421,479,489,532,548,579,650,651,677,694,695,747,767,807,841,849,873,888,889,893,894,932,935,957
Z729148398_1_T1 0,33,41,43,80,121,128,147,378,489,540,548,579,650,651,665,677,694,695,747,807,841,849,873,887,893,901,932,935,957,987,990,1021
Z1466843745_1_T1 31,33,43,80,121,128,136,141,157,197,206,208,258,281,313,353,378,489,586,650,667,694,759,807,844,849,851,893,933,935,1001,1018,1019
Z1466843745_2_T1 31,33,43,80,121,128,136,141,157,197,206,208,258,281,313,353,378,489,586,650,667,694,759,807,844,849,851,893,933,935,1001,1018,1019
Z2479963483_1_T1 31,33,80,118,121,128,141,157,165,186,197,202,206,208,281,294,378,585,586,650,667,694,702,747,759,807,844,849,893,932,935,1001,1018
Z2479963483_2_T1 31,33,80,118,121,128,141,157,165,186,197,202,206,208,281,294,378,585,586,650,667,694,702,747,759,807,844,849,893,932,935,1001,1018
Z2837627527_1_T1 8,29,33,71,76,80,90,114,121,128,140,197,301,356,378,486,496,590,594,647,650,667,751,759,767,807,832,893,911,923,926,932,935,1019
Z2893094354_1_T1 41,43,80,110,121,128,136,197,215,258,281,313,353,378,489,540,565,586,597,650,667,759,807,849,851,893,904,933,935,981,1019
Z2893094598_1_T1 41,80,110,118,121,128,165,186,197,202,215,281,294,378,540,565,585,586,597,650,667,702,747,759,807,849,893,904,932,935,981
Z2893164761_1_T1 31,33,43,80,81,121,128,157,271,332,356,378,405,410,428,443,489,507,650,694,695,708,727,792,807,830,832,841,849,893,894,931,935,1005,1015
Z2893164761_2_T1 31,33,43,80,81,121,128,157,271,332,356,378,405,410,428,443,489,507,650,694,695,708,727,792,807,830,832,841,849,893,894,931,935,1005,1015
Z2893580335_1_T2 41,80,119,128,139,165,182,214,281,292,301,319,378,414,639,650,695,738,744,807,823,849,870,893,926,932,935,980,1019
Z2893580335_1_T1 119,128,139,164,165,214,281,292,301,319,378,389,406,414,422,606,694,695,807,849,854,904,926,932,935,964,996,1019
Z2893580374_1_T1 1,33,72,80,128,139,165,214,281,292,294,319,365,378,395,414,520,552,573,577,597,650,807,849,881,893,932,935
Z1001282_1_T2 13,33,35,73,74,80,83,90,140,186,293,356,363,378,415,486,625,632,695,745,759,841,893,922,968,1005
Z1001282_1_T1 13,33,80,90,140,189,257,333,356,359,378,486,625,632,663,695,745,841,883,893,897,922,968,980,1005
Z2897634023_1_T1 1,33,35,66,77,139,327,389,442,460,491,503,576,650,695,807,820,835,841,881,893,1003
Z2897634023_2_T1 1,33,35,66,77,139,327,389,442,460,491,503,576,650,695,807,820,835,841,881,893,1003
Z2897922373_1_T1 33,34,43,80,128,136,147,157,205,245,274,294,356,378,445,511,550,592,612,650,659,695,724,745,807,836,849,893,932,935,968,982,1017
Z2898120212_1_T1 33,39,43,71,80,121,128,147,157,251,301,356,378,445,446,511,612,650,659,689,691,695,724,745,807,836,842,849,893,898,926,932,935,974,979,1019
Z2898231990_1_T2 33,35,36,41,73,74,80,83,90,140,186,200,250,279,293,356,363,378,415,468,522,523,563,656,675,695,745,759,906,922,926,968
Z2898231990_1_T1 33,36,41,80,90,140,189,200,250,257,279,333,356,359,378,468,522,523,563,656,663,675,695,745,883,897,906,922,926,968,980
Z2898232910_1_T2 23,35,73,74,80,83,90,140,186,293,342,350,356,363,378,415,621,694,695,745,759,922,931,940,968
Z2898232910_1_T1 23,80,90,140,189,257,333,342,350,356,359,378,621,663,694,695,745,883,897,922,931,940,968,980
Z2898233122_1_T2 13,35,50,73,74,80,83,90,140,149,186,293,356,363,378,413,415,550,632,674,695,745,759,915,922,939,968,974
Z2898233122_1_T1 13,50,80,90,140,149,189,257,333,356,359,378,413,550,632,663,674,695,745,883,897,915,922,939,968,974,980
Z2898233169_1_T2 33,35,73,74,80,83,90,140,151,186,218,293,356,363,378,381,415,599,674,695,745,759,841,922,936,946,968,1000,1005
Z2898233169_1_T1 33,80,90,140,151,189,218,257,333,356,359,378,381,599,663,674,695,745,841,883,897,922,936,946,968,980,1000,1005
Z2898233546_1_T2 1,32,33,35,73,74,80,83,90,110,118,140,186,283,293,327,356,363,378,415,416,535,695,745,759,841,922,963,968
Z2898233546_1_T1 1,32,33,80,90,110,118,140,189,257,283,327,333,356,359,378,416,535,663,695,745,841,883,897,922,963,968,980
Z2898233546_2_T2 1,32,33,35,73,74,80,83,90,110,118,140,186,283,293,327,356,363,378,415,416,535,695,745,759,841,922,963,968
Z2898233546_2_T1 1,32,33,80,90,110,118,140,189,257,283,327,333,356,359,378,416,535,663,695,745,841,883,897,922,963,968,980
Z2898234097_1_T2 4,35,73,74,80,83,90,100,112,140,186,248,293,301,356,361,363,367,378,415,444,490,537,656,695,745,759,802,821,922,926,950,968,1019
Z2898234097_1_T1 4,80,90,100,112,140,189,248,257,301,333,356,359,361,367,378,444,490,537,656,663,695,745,802,821,883,897,922,926,950,968,980,1019
Z2898234097_2_T2 4,35,73,74,80,83,90,100,112,140,186,248,293,301,356,361,363,367,378,415,444,490,537,656,695,745,759,802,821,922,926,950,968,1019
Z2898234097_2_T1 4,80,90,100,112,140,189,248,257,301,333,356,359,361,367,378,444,490,537,656,663,695,745,802,821,883,897,922,926,950,968,980,1019
Z2898307057_1_T2 33,80,139,140,147,151,166,171,188,351,381,386,427,431,599,652,674,693,695,725,807,841,881,936,978,986,1000,1005
Z2898307057_1_T1 33,70,80,128,139,147,151,166,275,350,381,570,584,599,623,652,655,674,695,807,836,841,881,936,978,1000,1005
Z2898307057_2_T2 33,80,139,140,147,151,166,171,188,351,381,386,427,431,599,652,674,693,695,725,807,841,881,936,978,986,1000,1005
Z2898307057_2_T1 33,70,80,128,139,147,151,166,275,350,381,570,584,599,623,652,655,674,695,807,836,841,881,936,978,1000,1005
Z2898307721_1_T2 11,33,76,80,119,139,140,147,152,160,166,171,301,351,422,431,480,523,652,656,693,695,716,725,807,881,899,926,950,978,1006,1019
Z2898307721_1_T1 33,70,80,119,128,139,147,160,166,275,301,325,422,475,523,570,623,652,656,695,716,787,807,881,899,926,950,978,985,1006,1019
Z2898307721_2_T2 11,33,76,80,119,139,140,147,152,160,166,171,301,351,422,431,480,523,652,656,693,695,716,725,807,881,899,926,950,978,1006,1019
Z2898307721_2_T1 33,70,80,119,128,139,147,160,166,275,301,325,422,475,523,570,623,652,656,695,716,787,807,881,899,926,950,978,985,1006,1019